-0.1235
-0.1155
-0.0713
-0.1155
-0.1235
0.0881
-0.0881
0.0406
-0.0881
-0.1105
-0.1295
0.0921
-0.1295
-0.1105
-0.0743
0.768200002
-0.563
-0.3142
-0.561099998
-0.123
-0.117
-0.0703
-0.117
-0.123
0.0951
-0.0881
0.0406
-0.0881
-0.11
-0.135
0.1011
-0.135
-0.11
-0.0773
0.780200002
-0.521
-0.3562
-0.3102
-0.1245
-0.116
-0.0713
-0.116
-0.1245
0.0921
-0.0886
0.0416
-0.0886
-0.111
-0.137
0.1031
-0.137
-0.111
-0.0773
0.777200002
-0.511
-0.3562
-0.3092
-0.133
-0.1245
-0.0793
-0.1245
-0.133
-0.133
-0.0861
0.0406
-0.0861
-0.1125
-0.1375
0.1001
-0.1375
-0.1125
-0.0723
0.776200002
-0.515
-0.3552
-0.3102
0.1565
0.144
0.144
0.1565
0.0437
0.0437
0.0437
0.0437
0.0437
0.0437
0.1445
0.1585
0.1585
0.1445
0.463
0.152
0.1435
0.1435
0.152
0.0432
0.0432
0.0432
0.0432
0.0432
0.0432
0.145
0.1595
0.1595
0.145
0.1495
0.1515
0.1515
0.1495
0.043533
0.043533
0.043533
0.043533
0.043533
0.043533
0.144
0.1585
0.1585
0.144
0.1305
0.145
0.145
0.1305
0.128
0.0417
0.0417
0.0417
0.0417
0.0417
0.0417
0.145
0.157
0.157
0.145
